3289776.119150692
2.5737362062517215E7
3290718.483338783
2.5738798664692264E7
3292469.680884738
2.5741443063494112E7
3292530.6573910257
2.5741534764316898E7
3296266.6437250925
2.5715104590696838E7
3286141.3860946167
2.571358163321297E7
3278168.1991751418
2.5723887503848538E7
3292961.632881961
2.5720422693647802E7
3292540.7616682476
2.570051886627966E7
3219266.7184841135
2.569148420732263E7
3304838.158226983
2.572494702360144E7
3309512.1582964472
2.5756674850733433E7
3311945.815566406
2.573757155351848E7
3234467.4808664247
2.5743420086658295E7
3263797.5312340152
2.571227988707964E7
3243038.2235138053
2.5677852887327626E7
3217731.359526585
2.5661858128578003E7
3274167.5369127453
2.573657175984892E7
3267664.6626661858
2.5732460601479486E7
3319089.4693934307
2.5699553185140897E7
3346242.188356967
2.568336679447725E7
3216818.5363156484
2.5755484433593873E7
3223910.1250475454
2.570604052158483E7
3246393.5452372697
2.5735470789634895E7
3244334.0268988744
2.572710199184E7
3341226.046233807
2.5719807532232434E7
3277284.7064355854
2.570893835730541E7
3339950.38123459
2.5697700794048537E7
3245788.060458488
2.568048286975072E7
3259794.7639138643
2.5693705148634832E7
3332851.1441261848
2.5677715561503902E7
3284550.032600819
2.5709578283073265E7
3291928.3301988766
2.5699820187130515E7
3281350.5553197786
2.5737854534957033E7
3218291.866238012
2.5669060444483873E7
3337832.412459212
2.5715073413936514E7
3227223.7666274705
2.566571537836409E7
3310382.5295093344
2.5754978815361146E7
3286355.6108054314
2.5732140839698E7
3315640.1217569336
2.5694192416779112E7
3224216.6916251904
2.5712475234013505E
3277474.8633194068
2.575191293445843E7
3264903.8794211806
2.5743194642467607E7
3323396.2070533293
2.5747103766267035E7
3305440.064407582
2.5685057957525432E7
3307246.4144667047
2.571838145999812E7
3299212.391378125
2.5731001812145982E7
3341784.1672131126
2.573274864297817E7
3227269.3762121513
2.5690099123460177E7
3234468.1123837507
2.5675400997474022E7